20
254 99
1 8 9 74990
693840425 90561
2 6 7 999957328
177 73
7 7 5 56401
714311129 39521
9 5 9 999998192
977365070 59489
8 5 9 999966210
640834505 28785
3 9 1 999946125
497151700 96511
9 7 6 999919625
1000000000 100000
999999999 1 999999999 1000000000
137 49
48 17 461 137
220 88
1 8 3 58265
28 21
6 5 1 85919
131 74
1 9 10 78736
112 73
1 5 3 64100
110 53
7 7 1 64417
1000000000 1
12 7 74 12
218492221 46085
3 7 1 999969453
186 75
68 16 539 186
98 59
6 30 524 98
66 39
35 2 589 66
45068754 29153
2 9 5 999904402